307 200 2
315
805
704
878
241
956
40
17
891
32
882
499
465
764
888
753
416
712
62
820
771
895
494
485
424
234
567
466
696
231
542
489
210
57
121
674
921
99
517
671
769
641
747
972
399
554
658
818
510
584
244
994
982
612
258
616
608
821
511
208
698
115
497
942
148
816
163
498
431
850
725
146
592
143
4
410
126
282
585
788
595
390
125
657
562
127
660
233
589
642
48
768
294
445
71
662
931
761
880
375
370
423
476
588
267
167
67
479
633
70
960
916
645
249
66
849
536
864
765
663
901
957
202
182
565
617
634
245
989
227
270
894
314
330
310
722
165
174
923
462
741
295
430
977
461
909
10
754
807
296
297
628
156
2
130
263
814
364
971
732
520
596
458
172
836
316
915
260
446
603
471
995
934
327
953
630
365
594
525
697
1
521
576
809
815
597
486
239
750
11
346
90
789
100
20
449
93
670
255
504